AppID,Ins_Age,Ins_Gender,Ht,Wt,IssueDate
56372,31,Male,510,185,
34565,35,Male,510,205,
57732,45,Female,510,125,
87324,38,Male,503,175,
12323,39,Female,600,252,
75323,35,Male,507,180,
23466,35,Male,509,225,
24545,35,Female,507,210,
63462,40,Female,600,155,
87432,48,Male,507,170,
53242,28,Female,508,165,
45764,31,Female,601,200,
97563,40,Female,502,135,
45432,47,Female,509,110,
93576,48,Male,507,178,
100332,50,Male,509,175,
100331,19,Male,510,180,
100333,23,Female,504,145,
100334,34,Female,503,180,
100335,31,Male,503,180,
100336,36,Male,508,180,
93580,45,Male,508,165,
93581,47,Female,508,165,
100340,50,Male,505,135,
100341,47,Female,500,170,
100342,59,Male,506,150,
100344,40,Male,601,140,
100345,35,Male,507,150,
13545,19,Female,601,170,
93587,19,Male,500,145,
92891,55,Female,506,180,
93590,57,Female,601,170,
75422,32,Male,507,150,
93587,19,Male,601,180,
93055,19,Female,510,180,
93057,55,Male,511,165,
93068,57,Male,510,178,
93102,49,Male,500,176,
99422,46,Female,506,120,
99437,26,Male,601,133,
99452,46,Male,601,180,
99498,19,Male,507,180,
99514,19,Female,511,180,
99530,55,Female,511,125,
99536,49,Female,510,120,
54325,57,Male,500,150,
82348,26,Male,506,180,
64574,25,Male,601,160,
75324,46,Female,601,180,
99917,19,Male,507,120,
99918,19,Male,511,150,
99946,55,Male,508,180,
12343,49,Female,508,160,
99947,57,Male,503,180,
99917,26,Male,503,180,
99918,47,Male,602,160,
99946,24,Male,604,180,
13352,36,Female,600,120,
99947,19,Male,510,150,
99875,45,Male,509,180,
13255,37,Male,506,180,
99875,49,Male,508,160,
99917,30,Male,508,160,
99918,21,Male,503,160,
99946,40,Male,503,180,
99947,47,Male,602,120,
13134,24,Female,604,150,
54226,36,Male,600,180,
67434,19,Female,510,180,
99875,45,Male,509,160,
99917,37,Male,506,160,
99918,49,Male,508,180,
99946,30,Male,508,140,
99947,21,Male,503,144,
92497,40,Female,503,125,
12345,47,Male,507,180,
13123,24,Male,511,200,
12424,36,Female,509,170,
99520,19,Female,504,175,
99516,28,Female,509,160,
93077,36,Male,601,121,
99513,59,Male,601,180,
99497,36,Male,502,140,
12123,28,Female,507,144,
34523,32,Male,601,125,
99511,28,Male,506,180,
12324,48,Male,509,200,
99517,58,Female,510,170,
99520,21,Female,506,175,
99516,42,Female,511,160,
93077,50,Male,510,121,
99513,55,Male,605,180,
99497,38,Male,503,140,
99504,20,Female,500,178,
24435,33,Male,509,211,
99511,35,Male,510,275,
23781,27,Male,604,145,
99517,35,Female,507,190,
99520,38,Female,510,144,
99516,52,Female,510,125,
